0	11023056
7	2125457
15	307362
15	9117384
15	11367247
15	11425860
15	13381959
15	15964680
15	21941409
15	26767655
15	28491878
15	31527343
15	34613466
15	36188935
15	37831066
15	39196914
15	41410215
15	42323582
17	26964753
18	23061175
18	40357363
19	191843
19	432746
19	453674
19	661321
19	3972553
19	10900633
19	13694288
19	18339180
19	21454387
19	25196427
19	31028643
19	31141050
19	42534719
21	6228809
21	25029281
23	53061
23	732913
23	911841
30	20071780
30	31283021
32	2125457
33	660677
33	661166
33	31283021
34	178519
34	228600
34	258927
34	31283021
37	8919409
43	348537
43	358834
43	365343
43	550577
43	570456
43	665245
43	780829
43	1317934
43	6384301
43	7727053
43	8366785
43	9576376
43	11199906
43	12333477
43	14158205
43	16119024
43	16121945
43	16505336
43	16574103
43	16803124
43	17227771
43	18301368
43	18485926
43	18834581
43	19568731
43	19628214
43	20051374
43	20604037
43	20637555
43	21131483
43	21771576
43	22110779
43	22193514
43	23269397
43	23820077
43	24509578
43	24597710
43	25487653
43	25896672
43	26067921
43	26748049
43	26782782
43	31000072
43	31029520
43	34042113
43	34199381
43	35177176
43	41124842
43	41171780
44	435841
46	26594839
47	15777213
47	41718621
48	25196427
51	1496067
51	25693971
57	15960033
57	16820311
57	18335380
57	38564928
58	30900642
61	15964788
66	13757544
66	14555066
66	14555106
66	15789374
66	28366197
67	10356324
67	13732183
69	71865
69	110486
69	111066
69	138379
69	165669
69	204358
69	255234
69	302319
69	309349
69	369109
69	371430
69	376145
69	385583
69	448121
69	508403
69	511323
69	526264
69	535897
69	539699
69	659121
69	730717
69	810263
69	1507459
69	1774433
69	1826520
69	1976903
69	3609515
69	3972553
69	3974090
69	3985247
69	4102879
69	5044808
69	5133139
69	5308781
69	5476159
69	7145150
69	7145156
69	7362733
69	7731341
69	7742699
69	7747567
69	7748501
69	7756771
69	8303866
69	8341714
69	8358386
69	10532961
69	10654885
69	11140720
69	11697946
69	12564689
69	13364443
69	13500031
69	13538300
69	15076123
69	15235037
69	15964751
69	15964819
69	16333006
69	16803937
69	17320102
69	17772131
69	18132924
69	18146807
69	18193791
69	18408895
69	18536191
69	18598435
69	19511672
69	20064656
69	20189687
69	20386558
69	20414632
69	20607067
69	20688194
69	20860690
69	21459255
69	22259719
69	22862440
69	23347734
69	24038208
69	24797541
69	25196427
69	25629809
69	25803292
69	26359992
69	26470852
69	26777266
69	26941674
69	26950498
69	27048109
69	27275393
69	27657872
69	27690706
69	27967119
69	29133004
69	29140012
69	29245420
69	29283270
69	31006301
69	31014650
69	31027995
69	31491738
69	31846221
69	31988511
69	32191572
69	32755849
69	34533665
69	34737532
69	34782824
69	35048887
69	35049125
69	35053619
69	35206199
69	36648511
69	36926149
69	38124156
69	38161200
69	38314614
69	38404086
69	38481762
69	38664518
69	39060591
69	39075669
69	39248108
69	39395272
69	40092090
69	40927735
69	41096869
69	41880774
69	41880840
69	41881120
69	41983894
69	42206842
69	42335184
69	42344745
69	42346096
69	42366809
69	42397922
69	42399765
69	42403546
69	42591641
69	42697737
69	42699141
69	42700057
69	42714262
69	42787243
70	105
70	1085959
70	4957084
70	8034234
70	8436699
70	9444879
70	11567325
70	11837126
70	13014446
70	13313127
70	13492556
70	13560370
70	14853022
70	15358468
70	17354611
70	18547205
70	19637434
70	20520674
70	20536833
70	20872790
70	21304162
70	25874678
70	27271034
70	27832590
70	29168434
70	29927720
70	30909630
70	34540486
70	34756915
70	36219977
70	37271724
70	41272694
70	41483184
70	42347712
71	699056
71	20328765
73	5325333
73	17442310
74	21864026
76	5825585
76	16384855
76	19659803
76	25688967
76	26153668
76	26722074
76	30301447
76	30560292
76	31886556
76	35682723
76	36726933
77	10920456
78	6391917
80	11023393
83	1265022
83	1910502
83	2669389
83	4041843
83	5079690
83	5145757
83	6123022
83	10881959
83	10932506
83	11137477
83	12091219
83	13046839
83	13398113
83	15464088
83	16384952
83	17537159
83	19253322
83	21304740
83	21390541
83	21599559
83	24250351
83	26652810
83	27862178
83	28389229
83	29768571
83	30055890
83	30154481
83	30777809
83	31717199
83	31763276
83	32883964
83	32954137
83	36493553
83	36673816
83	36697435
83	41034037
83	42836604
85	42139502
86	2106
98	526997
103	327144
104	42206835
105	13724475
105	21304162
105	41272694
106	642518
106	679616
106	3972553
106	15964819
106	35048887
106	35206199
107	103
107	61554
107	259163
107	327144
107	849557
107	849657
107	849763
107	849874
107	849939
107	850619
107	850825
107	850877
107	851071
107	851127
107	851238
107	3451749
107	8682852
107	10056578
107	11195199
107	11509896
107	22587173
107	22587237
107	22952354
107	33856317
107	38123267
107	39258076
109	188624
109	218755
109	520734
109	539699
109	2680743
109	3757973
109	7994877
109	8330256
109	8341549
109	8343172
109	8343962
109	8353416
109	10600528
109	12704890
109	13919299
109	13919687
109	13925723
109	15076123
109	17434260
109	19248325
109	22749975
109	25196427
109	29161818
109	34345612
109	35155763
109	36364497
109	42204041
111	17496001
113	633701
113	23133176
113	25197088
115	903
115	6975
115	49424
115	451385
115	9594822
115	12031691
115	13047175
115	14928137
115	23382001
115	23822321
115	32767118
119	105641
119	690891
119	919917
119	1183825
119	1497605
119	1537192
119	1871022
119	2150094
119	2176684
119	2470854
119	2719699
119	2719708
119	2825438
119	3139849
119	3142462
119	3184983
119	3201227
119	3592606
119	4358232
119	4379349
119	4957084
119	4966049
119	5274641
119	5441890
119	6110978
119	6469958
119	6590559
119	6757810
119	7404481
119	7697824
119	7699573
119	7925867
119	7927971
119	8412308
119	8582561
119	9327670
119	9667033
119	10351891
119	10469410
119	10625311
119	10693492
119	10772883
119	10965497
119	11396782
119	11564537
119	11584831
119	12286705
119	13052566
119	13278654
119	13351401
119	13492556
119	14002925
119	14009049
119	15067355
119	15358468
119	15454315
119	15936186
119	16865437
119	16919098
119	17348660
119	17407070
119	18388468
119	18401917
119	18687150
119	19036289
119	19554194
119	19643242
119	19775283
119	19796054
119	20793635
119	20918637
119	21494428
119	21648381
119	21838288
119	22215770
119	22554748
119	23061175
119	23374740
119	23680988
119	24248924
119	24869864
119	25165131
119	25470147
119	25696882
119	25952267
119	25982045
119	27131549
119	27155665
119	27166698
119	27204633
119	27218657
119	27336989
119	27341125
119	27817020
119	27832590
119	27857332
119	27982066
119	28272332
119	28277163
119	29476892
119	29490487
119	29804685
119	29843091
119	30025407
119	30459251
119	31271176
119	31732121
119	32158710
119	32796709
119	32802481
119	33277566
119	33733147
119	34196675
119	34215701
119	34257200
119	34801139
119	34807792
119	34877681
119	34910013
119	34958193
119	34969424
119	35920066
119	36204483
119	36391463
119	37058133
119	37077763
119	37612441
119	38543254
119	38642444
119	39279048
119	39295063
119	39467909
119	39782549
119	40200044
119	40629701
119	40717775
119	40934016
119	41270686
119	41410215
119	41486013
119	41743325
119	42206835
119	42467638
119	42670380
119	42670406
119	42752397
121	2919481
121	4868459
121	5619781
121	5754598
121	12334167
121	12634802
121	12709441
121	14905330
121	16021308
121	20368699
121	33297087
121	33792278
121	36665822
121	39483420
121	39657365
121	39875561
121	41410215
123	41410215
124	7970706
126	8581536
126	25747022
126	36882618
129	694801
129	1390476
129	7286827
129	13279552
129	16493533
129	23749978
129	28117549
129	31671560
129	33206481
129	36413943
129	37036658
129	38494350
130	5313467
130	5325333
130	15777213
130	36558801
130	41718621
131	19480675
134	3907451
136	27322284
137	5533943
137	7733188
137	8328719
137	9106402
137	9373356
137	10765863
137	11946019
137	12201995
137	18169625
137	18255412
137	19351642
137	20190238
137	20542395
137	20779392
137	22683084
137	26878543
137	29289958
137	30126489
137	32723008
137	38283244
137	38482520
137	41846935
137	42366683
137	42832470
138	9734196
140	3137597
140	5312742
140	6788210
140	17858795
140	19728615
140	25194706
140	29161113
140	29353206
140	29600340
140	29602779
140	29638582
140	42718119
142	17981735
143	39524946
148	123726
149	1870063
149	4046671
149	4853293
149	6587990
149	7000986
149	8480126
149	9284332
149	11920224
149	13306354
149	14050903
149	15535499
149	16909440
149	18850243
149	20515936
149	21641014
149	29419401
149	30284009
149	30395607
149	30744660
149	30905348
149	32935485
149	37197959
149	38242784
149	40991956
149	42293098
150	4853293
150	5843999
150	6587990
150	8480126
150	9256909
150	14050903
150	16020392
150	16909440
150	18163528
150	18666361
150	19959903
150	22890521
150	25929302
150	29419401
150	29997244
150	32935485
150	37853156
150	38186521
150	38242784
150	39202562
150	39824827
151	44702
151	3107981
151	3972553
151	9150777
151	15964819
151	18081264
151	25197088
151	41012081
151	41960957
152	25196427
154	27253164
154	41798197
155	919136
155	16561656
155	19423679
155	23968890
155	33166305
155	35061082
155	42487925
156	919136
156	16561656
157	8059288
160	661159
160	3962523
160	3962598
160	17295520
160	17295624
160	18302926
160	18306734
160	18309741
160	18310089
160	20065648
160	20289590
160	26323586
160	31483845
162	29600340
163	14938754
163	19636456
163	42139502
166	40947504
170	841721
170	1126401
170	1128690
170	2096865
170	2742879
170	3253318
170	3254806
170	3561911
170	3562010
170	3760909
170	3842817
170	3984020
170	4519552
170	5776818
170	7100595
170	7380156
170	7422222
170	8560606
170	9097782
170	9791734
170	11383977
170	11553630
170	11554266
170	11554344
170	11554366
170	11554384
170	11554538
170	11940013
170	11949773
170	12095160
170	12590943
170	13237914
170	13521436
170	15066813
170	15577448
170	16622818
170	16633963
170	16767578
170	17049478
170	17822941
170	18347182
170	18950773
170	19172117
170	19250752
170	19437826
170	19443061
170	19476191
170	20976367
170	21191798
170	22386755
170	22405902
170	22407607
170	22808207
170	23009100
170	23681753
170	24869292
170	25099508
170	25184381
170	27297622
170	27726961
170	28684440
170	28699827
170	31690021
170	32398883
170	32454641
170	34020362
170	34243521
170	34893198
170	36994121
170	37246145
170	38244420
170	38277789
170	38408965
170	38408966
170	38454032
170	38818009
170	39224483
170	39551367
170	41567821
170	42203302
170	42206111
170	42579797
170	42715295
171	6401939
172	16194651
172	19389704
172	24631879
172	25388817
172	30197989
172	38321979
172	38755447
172	42683214
172	42811524
173	15777213
173	41718621
174	1509865
174	1510072
174	3435507
174	8255085
174	14785223
174	14868030
174	15964767
174	16675319
174	18816207
174	18816211
174	18816243
174	18816245
174	19260059
174	19427991
174	19614221
174	20107455
174	20622361
174	20823988
174	20852711
174	20873295
174	21059090
174	21588281
174	24378895
174	27218657
174	34219221
174	34233325
174	34576989
174	37203510
174	37307351
174	38372928
174	42519870
176	11812801
176	25055188
176	25611040
176	30978937
176	31002515
176	38843445
176	39315876
178	2252259
178	2252262
178	2562839
178	2567553
178	3002123
178	3061595
178	3562815
178	4690938
178	5325333
178	6182805
178	6678909
178	7702341
178	7702347
178	7706598
178	7709436
178	7711380
178	9249725
178	9277973
178	10112576
178	10358172
178	10732546
178	11630137
178	11857043
178	11928091
178	11976381
178	12382497
178	12430122
178	12602957
178	12931655
178	13245234
178	14611212
178	14838374
178	15229908
178	15964892
178	16302139
178	16725091
178	16908849
178	17036121
178	18086856
178	18426810
178	18427168
178	18657097
178	19476565
178	19478570
178	21098507
178	21454817
178	22775572
178	25023191
178	26800194
178	26821338
178	26951548
178	27049482
178	27326088
178	27609839
178	27613593
178	27867554
178	27934328
178	28073676
178	28074450
178	29214355
178	29214418
178	29623326
178	29844223
178	29948436
178	29996517
178	32871684
178	33264120
178	33347927
178	33418988
178	34504645
178	35127626
178	35375469
178	36075218
178	36666651
178	37016020
178	38180808
178	39361871
178	39475705
178	39481530
178	39487221
178	39487242
178	39583774
178	40673739
178	40858498
178	41344436
178	41346773
178	42450330
178	42461865
178	42467638
180	226693
180	239673
180	241179
180	241769
180	258271
180	258272
180	711664
180	21802848
180	28705689
180	29087547
181	226693
181	239673
181	241179
181	241769
181	258271
181	258272
181	711664
181	21802848
181	29088756
183	26937635
183	27171871
184	3889963
184	8760822
184	28880025
184	29093981
184	32964286
